2.370760440826416 0.00946618081249 0.00034650392002000003
2.4129284620285034 0.021395029916159998 1.933694688e-05
2.455096244812012 0.02216948279364 5.121960480000001e-06
2.4972639083862305 0.010868688009 1.6888986e-06
2.539431571960449 0.01096761885696 2.15736384e-06
2.581600785255432 0.02254003779556 4.17370852e-06
2.62376868724823 0.022257894804640004 3.8789608e-06
2.6659367084503174 0.022937223660160003 3.7862600000000007e-06
2.708104372024536 0.022994537960250003 3.6393480000000005e-06
2.7502721548080444 0.02267237890225 3.4631905e-06
2.7924399375915527 0.02308056754441 3.40307296e-06
2.834607720375061 0.022819214236090003 3.2931145400000005e-06
2.8767757415771484 0.022785751550249995 3.2001293999999996e-06
2.9189438819885254 0.022392608450560004 3.2023302400000002e-06
2.961111545562744 0.022473038082009997 3.2080761399999997e-06
3.0032793283462524 0.022294849773159996 3.1356065999999995e-06
3.045446991920471 0.022259446415999997 3.1331159999999997e-06
3.087615966796875 0.022130787201640002 3.0942953600000003e-06
3.1297848224639893 0.02225890931364 2.95404516e-06
3.171952486038208 0.02246476380625 2.877744e-06
3.2141202688217163 0.022576354668490003 2.7947299800000004e-06
3.2562880516052246 0.022554362797210004 2.67322358e-06
3.2984559535980225 0.022723693238440004 2.5927933600000005e-06
3.34062397480011 0.022805318804489997 2.5370402399999995e-06
3.3827916383743286 0.022697200204810003 2.5611503000000003e-06
3.424959301948548 0.022792061676160002 2.50610864e-06
3.467126965522766 0.02279462824521 2.4760539599999997e-06
3.509294629096985 0.022702202256249995 2.4107599999999996e-06
3.551462292671204 0.022617934134759998 2.3461245599999996e-06
3.593630194664001 0.02266686824704 2.34866112e-06
3.635801315307617 0.022389675571240004 2.27440336e-06
3.677968978881836 0.02217892369081 2.2934588600000004e-06
3.720136761665344 0.02218696641841 1.9065971199999998e-06
3.762304425239563 0.022277413238440003 2.2686942400000003e-06
3.804472327232361 0.020956615696000002 2.2004128e-06
3.846640229225159 0.02211055989444 1.87357212e-06
3.888808131217957 0.02217841734564 2.26364784e-06
3.930975914001465 0.022248258122249998 2.1478824e-06
3.973143577575684 0.021992356123239996 1.8685573199999998e-06
4.015311241149902 0.021310919502759998 2.42331116e-06
4.057479619979858 0.01839343538176 4.8281574399999996e-06
4.0996482372283936 0.01205806040464 1.4890127519999998e-05
4.141816139221191 0.006070903056 5.63956008e-05
4.183984279632568 0.00197643374041 0.00031934424072
